Using 32 worker(s) for parallel Z-tensor generation
TFIM_8x8-2x2_numeric
My Matrix: 
[[-0.24836471 -0.12418235 -0.12418235  0.         -0.12418235  0.
   0.          0.        ]
 [-0.12418235  0.          0.         -0.12418235  0.         -0.12418235
   0.          0.        ]
 [-0.12418235  0.          0.24836471 -0.12418235  0.          0.
  -0.12418235  0.        ]
 [ 0.         -0.12418235 -0.12418235  0.          0.          0.
   0.         -0.12418235]
 [-0.12418235  0.          0.          0.          0.         -0.12418235
  -0.12418235  0.        ]
 [ 0.         -0.12418235  0.          0.         -0.12418235  0.24836471
   0.         -0.12418235]
 [ 0.          0.         -0.12418235  0.         -0.12418235  0.
   0.         -0.12418235]
 [ 0.          0.          0.         -0.12418235  0.         -0.12418235
  -0.12418235 -0.24836471]]

L = 2, R = 2
is_unitary: False
Norm of my matrix: 0.7853981633974482
Eigenvalues: [-0.43388808 -0.32335538  0.43388808  0.32335538 -0.01364966  0.01364966
  0.12418235 -0.12418235]
Target eigenvalue: -0.43388807679191677
Eigenvectors: 
[[-5.32480753e-01 -6.63992639e-01 -2.04495476e-01  7.29835903e-02
   4.59497163e-01  1.31511885e-01  6.84718764e-18 -1.25336380e-16]
 [-2.95504524e-01 -1.63992639e-01  2.95504524e-01  1.63992639e-01
  -3.68488115e-01 -3.68488115e-01 -5.00000000e-01 -5.00000000e-01]
 [-2.04495476e-01 -7.29835903e-02  5.32480753e-01 -6.63992639e-01
  -1.31511885e-01  4.59497163e-01  7.00226976e-17 -1.76186250e-17]
 [-2.95504524e-01  1.63992639e-01 -2.95504524e-01  1.63992639e-01
  -3.68488115e-01  3.68488115e-01  5.00000000e-01 -5.00000000e-01]
 [-2.95504524e-01 -1.63992639e-01  2.95504524e-01  1.63992639e-01
  -3.68488115e-01 -3.68488115e-01  5.00000000e-01  5.00000000e-01]
 [-2.04495476e-01  7.29835903e-02 -5.32480753e-01 -6.63992639e-01
  -1.31511885e-01 -4.59497163e-01  4.41205493e-17  3.83323126e-17]
 [-2.95504524e-01  1.63992639e-01 -2.95504524e-01  1.63992639e-01
  -3.68488115e-01  3.68488115e-01 -5.00000000e-01  5.00000000e-01]
 [-5.32480753e-01  6.63992639e-01  2.04495476e-01  7.29835903e-02
   4.59497163e-01 -1.31511885e-01  3.06885811e-17 -1.95457035e-17]]

test_type = T_max, param_array = [1200 1600 2000 3200]
Test: T_max = 1200, perturb = None [range = None, scale = None]
	finished QPE in 0.228098 seconds
	finished KQPE in 0.090522 seconds
	finished Z array creation in 2.183808 seconds
	finished QMEGS in 0.043950 seconds
