Using 32 worker(s) for parallel Z-tensor generation
XXZ_8x8-2x2_numeric
My Matrix: 
[[ 0.13089969  0.          0.          0.          0.          0.
   0.          0.        ]
 [ 0.          0.          0.26179939  0.          0.          0.
   0.          0.        ]
 [ 0.          0.26179939 -0.13089969  0.          0.26179939  0.
   0.          0.        ]
 [ 0.          0.          0.          0.          0.          0.26179939
   0.          0.        ]
 [ 0.          0.          0.26179939  0.          0.          0.
   0.          0.        ]
 [ 0.          0.          0.          0.26179939  0.         -0.13089969
   0.26179939  0.        ]
 [ 0.          0.          0.          0.          0.          0.26179939
   0.          0.        ]
 [ 0.          0.          0.          0.          0.          0.
   0.          0.13089969]]

L = 2, R = 2
is_unitary: False
Norm of my matrix: 0.7853981633974482
Eigenvalues: [-4.41430593e-01  8.12304596e-18  3.10530899e-01 -4.41430593e-01
  3.10530899e-01  0.00000000e+00  1.30899694e-01  1.30899694e-01]
Target eigenvalue: -0.44143059295916653
Eigenvectors: 
[[ 0.00000000e+00  0.00000000e+00  0.00000000e+00  0.00000000e+00
   0.00000000e+00  0.00000000e+00  1.00000000e+00  0.00000000e+00]
 [ 0.00000000e+00  0.00000000e+00  0.00000000e+00  4.54401349e-01
   5.41774320e-01 -7.07106781e-01  0.00000000e+00  0.00000000e+00]
 [ 0.00000000e+00  0.00000000e+00  0.00000000e+00 -7.66184591e-01
   6.42620551e-01  0.00000000e+00  0.00000000e+00  0.00000000e+00]
 [ 4.54401349e-01  7.07106781e-01  5.41774320e-01  0.00000000e+00
   0.00000000e+00  0.00000000e+00  0.00000000e+00  0.00000000e+00]
 [ 0.00000000e+00  0.00000000e+00  0.00000000e+00  4.54401349e-01
   5.41774320e-01  7.07106781e-01  0.00000000e+00  0.00000000e+00]
 [-7.66184591e-01 -2.57087689e-16  6.42620551e-01  0.00000000e+00
   0.00000000e+00  0.00000000e+00  0.00000000e+00  0.00000000e+00]
 [ 4.54401349e-01 -7.07106781e-01  5.41774320e-01  0.00000000e+00
   0.00000000e+00  0.00000000e+00  0.00000000e+00  0.00000000e+00]
 [ 0.00000000e+00  0.00000000e+00  0.00000000e+00  0.00000000e+00
   0.00000000e+00  0.00000000e+00  0.00000000e+00  1.00000000e+00]]

test_type = T_max, param_array = [1200 1600 2000 3200]
Test: T_max = 1200, perturb = None [range = None, scale = None]
	finished QPE in 0.233666 seconds
	finished KQPE in 0.098719 seconds
	finished Z array creation in 2.417051 seconds
	finished QMEGS in 0.043955 seconds
