Using 64 worker(s) for parallel Z-tensor generation
XXZ_16x16-1x1_circuit
My Matrix: 
[[ 0.11336246  0.          0.          0.          0.          0.
   0.          0.          0.          0.          0.          0.
   0.          0.          0.          0.        ]
 [ 0.          0.03778749  0.15114995  0.          0.          0.
   0.          0.          0.          0.          0.          0.
   0.          0.          0.          0.        ]
 [ 0.          0.15114995 -0.03778749  0.          0.15114995  0.
   0.          0.          0.          0.          0.          0.
   0.          0.          0.          0.        ]
 [ 0.          0.          0.          0.03778749  0.          0.15114995
   0.          0.          0.          0.          0.          0.
   0.          0.          0.          0.        ]
 [ 0.          0.          0.15114995  0.         -0.03778749  0.
   0.          0.          0.15114995  0.          0.          0.
   0.          0.          0.          0.        ]
 [ 0.          0.          0.          0.15114995  0.         -0.11336246
   0.15114995  0.          0.          0.15114995  0.          0.
   0.          0.          0.          0.        ]
 [ 0.          0.          0.          0.          0.          0.15114995
  -0.03778749  0.          0.          0.          0.15114995  0.
   0.          0.          0.          0.        ]
 [ 0.          0.          0.          0.          0.          0.
   0.          0.03778749  0.          0.          0.          0.15114995
   0.          0.          0.          0.        ]
 [ 0.          0.          0.          0.          0.15114995  0.
   0.          0.          0.03778749  0.          0.          0.
   0.          0.          0.          0.        ]
 [ 0.          0.          0.          0.          0.          0.15114995
   0.          0.          0.         -0.03778749  0.15114995  0.
   0.          0.          0.          0.        ]
 [ 0.          0.          0.          0.          0.          0.
   0.15114995  0.          0.          0.15114995 -0.11336246  0.
   0.15114995  0.          0.          0.        ]
 [ 0.          0.          0.          0.          0.          0.
   0.          0.15114995  0.          0.          0.         -0.03778749
   0.          0.15114995  0.          0.        ]
 [ 0.          0.          0.          0.          0.          0.
   0.          0.          0.          0.          0.15114995  0.
   0.03778749  0.          0.          0.        ]
 [ 0.          0.          0.          0.          0.          0.
   0.          0.          0.          0.          0.          0.15114995
   0.         -0.03778749  0.15114995  0.        ]
 [ 0.          0.          0.          0.          0.          0.
   0.          0.          0.          0.          0.          0.
   0.          0.15114995  0.03778749  0.        ]
 [ 0.          0.          0.          0.          0.          0.
   0.          0.          0.          0.          0.          0.
   0.          0.          0.          0.11336246]]

L = 1, R = 1
is_unitary: False
Norm of my matrix: 0.7853981633974483
Eigenvalues: [-0.26451241 -0.08022683  0.23137677  0.11336246 -0.26451241 -0.08022683
  0.23137677  0.11336246 -0.40994465  0.27504831 -0.20677826  0.13120329
  0.02153388 -0.03778749  0.11336246  0.11336246]
Target eigenvalue: -0.26451240728415704
Eigenvectors: 
[[ 0.00000000e+00  0.00000000e+00  0.00000000e+00  0.00000000e+00
   0.00000000e+00  0.00000000e+00  0.00000000e+00  0.00000000e+00
   0.00000000e+00  0.00000000e+00  0.00000000e+00  0.00000000e+00
   0.00000000e+00  0.00000000e+00  1.00000000e+00  0.00000000e+00]
 [ 0.00000000e+00  0.00000000e+00  0.00000000e+00  0.00000000e+00
   3.16227766e-01  5.57345410e-01 -4.35162146e-01 -6.32455532e-01
  -5.30719317e-18  7.93341067e-18  6.13450637e-17 -2.27062738e-17
  -1.40358206e-16 -1.07324244e-16  0.00000000e+00  0.00000000e+00]
 [ 0.00000000e+00  0.00000000e+00  0.00000000e+00  0.00000000e+00
  -6.32455532e-01 -4.35162146e-01 -5.57345410e-01 -3.16227766e-01
  -1.29770821e-16  1.04668415e-16 -2.13334114e-16 -5.23441396e-17
  -3.44542398e-17  3.09473057e-17  0.00000000e+00  0.00000000e+00]
 [ 0.00000000e+00  0.00000000e+00  0.00000000e+00  0.00000000e+00
   0.00000000e+00  0.00000000e+00  0.00000000e+00  0.00000000e+00
  -1.79235654e-01 -2.94505770e-01  3.71748034e-01 -6.01500955e-01
   6.17366124e-01 -1.55251120e-16  0.00000000e+00  0.00000000e+00]
 [ 0.00000000e+00  0.00000000e+00  0.00000000e+00  0.00000000e+00
   6.32455532e-01 -4.35162146e-01 -5.57345410e-01  3.16227766e-01
   6.59454773e-17  1.10498037e-16  2.29238366e-16 -3.78021246e-17
   6.98484596e-17  1.00248319e-16  0.00000000e+00  0.00000000e+00]
 [ 0.00000000e+00  0.00000000e+00  0.00000000e+00  0.00000000e+00
   2.92569456e-17  1.32085981e-16  6.28690316e-17  2.34055565e-16
   5.30926836e-01 -4.62287174e-01 -6.01500955e-01 -3.71748034e-01
  -6.63872214e-02 -1.60988578e-16  0.00000000e+00  0.00000000e+00]
 [ 0.00000000e+00  0.00000000e+00  0.00000000e+00  0.00000000e+00
   8.77708367e-18  3.96257944e-17  1.88607095e-17  7.02166694e-17
  -4.31267058e-01 -4.46717942e-01 -6.94532452e-17 -1.99409982e-17
  -3.38307265e-01 -7.07106781e-01  0.00000000e+00  0.00000000e+00]
 [-3.16227766e-01 -5.57345410e-01 -4.35162146e-01 -6.32455532e-01
   0.00000000e+00  0.00000000e+00  0.00000000e+00  0.00000000e+00
   0.00000000e+00  0.00000000e+00  0.00000000e+00  0.00000000e+00
   0.00000000e+00  0.00000000e+00  0.00000000e+00  0.00000000e+00]
 [ 0.00000000e+00  0.00000000e+00  0.00000000e+00  0.00000000e+00
  -3.16227766e-01  5.57345410e-01 -4.35162146e-01  6.32455532e-01
  -9.06363493e-17  1.30457842e-16 -4.08040343e-17  1.35585300e-17
   7.83991074e-17 -1.35941985e-17  0.00000000e+00  0.00000000e+00]
 [ 0.00000000e+00  0.00000000e+00  0.00000000e+00  0.00000000e+00
   0.00000000e+00  0.00000000e+00  0.00000000e+00  0.00000000e+00
  -4.31267058e-01 -4.46717942e-01 -2.53333934e-16  1.81070085e-16
  -3.38307265e-01  7.07106781e-01  0.00000000e+00  0.00000000e+00]
 [ 0.00000000e+00  0.00000000e+00  0.00000000e+00  0.00000000e+00
   0.00000000e+00  0.00000000e+00  0.00000000e+00  0.00000000e+00
   5.30926836e-01 -4.62287174e-01  6.01500955e-01  3.71748034e-01
  -6.63872214e-02  9.87143652e-17  0.00000000e+00  0.00000000e+00]
 [ 6.32455532e-01  4.35162146e-01 -5.57345410e-01 -3.16227766e-01
   0.00000000e+00  0.00000000e+00  0.00000000e+00  0.00000000e+00
   0.00000000e+00  0.00000000e+00  0.00000000e+00  0.00000000e+00
   0.00000000e+00  0.00000000e+00  0.00000000e+00  0.00000000e+00]
 [ 0.00000000e+00  0.00000000e+00  0.00000000e+00  0.00000000e+00
   0.00000000e+00  0.00000000e+00  0.00000000e+00  0.00000000e+00
  -1.79235654e-01 -2.94505770e-01 -3.71748034e-01  6.01500955e-01
   6.17366124e-01  8.64096075e-17  0.00000000e+00  0.00000000e+00]
 [-6.32455532e-01  4.35162146e-01 -5.57345410e-01  3.16227766e-01
   0.00000000e+00  0.00000000e+00  0.00000000e+00  0.00000000e+00
   0.00000000e+00  0.00000000e+00  0.00000000e+00  0.00000000e+00
   0.00000000e+00  0.00000000e+00  0.00000000e+00  0.00000000e+00]
 [ 3.16227766e-01 -5.57345410e-01 -4.35162146e-01  6.32455532e-01
   0.00000000e+00  0.00000000e+00  0.00000000e+00  0.00000000e+00
   0.00000000e+00  0.00000000e+00  0.00000000e+00  0.00000000e+00
   0.00000000e+00  0.00000000e+00  0.00000000e+00  0.00000000e+00]
 [ 0.00000000e+00  0.00000000e+00  0.00000000e+00  0.00000000e+00
   0.00000000e+00  0.00000000e+00  0.00000000e+00  0.00000000e+00
   0.00000000e+00  0.00000000e+00  0.00000000e+00  0.00000000e+00
   0.00000000e+00  0.00000000e+00  0.00000000e+00  1.00000000e+00]]

test_type = T_max, param_array = [1200 1600 2000 3200]
Test: T_max = 1200, perturb = None [range = None, scale = None]
	finished QPE in 0.756778 seconds
	finished KQPE in 0.355729 seconds
	finished Z array creation in 7.655727 seconds
	finished QMEGS in 0.046344 seconds
/var/spool/slurm/job43551597/slurm_script: line 28: 298467 Killed                  python3 main.py --workers 64 --H XXZ_16x16 --method circuit --L 1 --R 1 > "data/outputs/XXZ_16x16-1x1_circuit.txt" 2>&1
[2026-09-29T11:25:35.404] error: Detected 1 oom_kill event in StepId=43551597.batch. Some of the step tasks have been OOM Killed.
